set12tmagtemp 2.1

drive qh 0 qk 2 ql 0 en 0
runscan dummy_s1  58.049  56.049  21 monitor 3200
drive qh 1 qk 1 ql 0 en 0
runscan dummy_s1  18.776 16.776  21 monitor 3200
drive qh 1 qk 2 ql 0 en 0
runscan dummy_s1  26.727 24.727 21 monitor 3200
drive qh 3 qk 0 ql 0 en 0
runscan dummy_s1 -49.005  -51.005  21 monitor 3200
drive qh 0 qk 3 ql 0 en 0
runscan dummy_s1  43.550 41.550 21 monitor 3200


set12tmagtemp 2.4

drive qh 0 qk 2 ql 0 en 0
runscan dummy_s1  58.049  56.049  21 monitor 3200
drive qh 1 qk 1 ql 0 en 0
runscan dummy_s1  18.776 16.776  21 monitor 3200
drive qh 1 qk 2 ql 0 en 0
runscan dummy_s1  26.727 24.727 21 monitor 3200
drive qh 3 qk 0 ql 0 en 0
runscan dummy_s1 -49.005  -51.005  21 monitor 3200
drive qh 0 qk 3 ql 0 en 0
runscan dummy_s1  43.550 41.550 21 monitor 3200

set12tmagtemp 2.7

drive qh 0 qk 2 ql 0 en 0
runscan dummy_s1    56.049   58.049  21 monitor 3200
drive qh 1 qk 1 ql 0 en 0
runscan dummy_s1  16.776  18.776 21 monitor 3200
drive qh 1 qk 2 ql 0 en 0
runscan dummy_s1   24.727  26.727  21 monitor 3200
drive qh 3 qk 0 ql 0 en 0
runscan dummy_s1 -51.005 -49.005  21 monitor 3200
drive qh 0 qk 3 ql 0 en 0
runscan dummy_s1  41.550  43.550 21 monitor 3200


set12tmagtemp 3.0

drive qh 0 qk 2 ql 0 en 0
runscan dummy_s1    56.049   58.049  21 monitor 3200
drive qh 1 qk 1 ql 0 en 0
runscan dummy_s1  16.776  18.776 21 monitor 3200
drive qh 1 qk 2 ql 0 en 0
runscan dummy_s1   24.727  26.727  21 monitor 3200
drive qh 3 qk 0 ql 0 en 0
runscan dummy_s1 -51.005 -49.005  21 monitor 3200
drive qh 0 qk 3 ql 0 en 0
runscan dummy_s1  41.550  43.550 21 monitor 3200



set12tmagtemp 3.3

drive qh 0 qk 2 ql 0 en 0
runscan dummy_s1    56.049   58.049  21 monitor 3200
drive qh 1 qk 1 ql 0 en 0
runscan dummy_s1  16.776  18.776 21 monitor 3200
drive qh 1 qk 2 ql 0 en 0
runscan dummy_s1   24.727  26.727  21 monitor 3200
drive qh 3 qk 0 ql 0 en 0
runscan dummy_s1 -51.005 -49.005  21 monitor 3200
drive qh 0 qk 3 ql 0 en 0
runscan dummy_s1  41.550  43.550 21 monitor 3200


